Compiling nbody_shared_mpi.cc...
----------------------------------
Running nbody with N=4096 and ranks=1
Total Kinetic Energy = [0, 32459.4, 2.15848e+06, 7.75921e+07, 4.13645e+07, 3.99238e+07, 3.91507e+07, 3.88091e+07, 3.85705e+07, 3.84722e+07, 3.83567e+07, 3.82212e+07, 3.82252e+07, 3.80401e+07, 3.80499e+07, 3.80424e+07, 3.79449e+07, 3.7952e+07, 3.79377e+07, 3.78488e+07, 3.79067e+07, 3.78245e+07, 3.77804e+07, 3.77921e+07, 3.77813e+07, 3.77124e+07, 3.77408e+07, 3.77118e+07, 3.76254e+07, 3.76562e+07, 3.76873e+07, 3.77146e+07, 3.76668e+07, 3.7604e+07, 3.76724e+07, 3.76069e+07, 3.75963e+07, 3.76618e+07, 3.75473e+07, 3.75736e+07, 3.76024e+07, 3.75491e+07, 3.75456e+07, 3.75627e+07, 3.755e+07, 3.75221e+07, 3.74987e+07, 3.75058e+07, 3.75013e+07, 3.75192e+07, 3.75056e+07]
Runtime = 31.664 s for N = 4096

----------------------------------
Running nbody with N=4096 and ranks=2
Total Kinetic Energy = [0, 32695.9, 2.18257e+06, 7.12287e+07, 3.63873e+07, 3.46105e+07, 3.39921e+07, 3.37208e+07, 3.33972e+07, 3.31911e+07, 3.32837e+07, 3.3129e+07, 3.29653e+07, 3.29639e+07, 3.28545e+07, 3.28341e+07, 3.28494e+07, 3.27461e+07, 3.26393e+07, 3.27161e+07, 3.2686e+07, 3.26154e+07, 3.26201e+07, 3.25859e+07, 3.26001e+07, 3.25689e+07, 3.25558e+07, 3.2477e+07, 3.25423e+07, 3.25368e+07, 3.24875e+07, 3.2496e+07, 3.24056e+07, 3.24172e+07, 3.24692e+07, 3.23534e+07, 3.23752e+07, 3.22972e+07, 3.23354e+07, 3.23718e+07, 3.23977e+07, 3.22994e+07, 3.23379e+07, 3.22869e+07, 3.22995e+07, 3.22951e+07, 3.22905e+07, 3.22638e+07, 3.22368e+07, 3.2298e+07, 3.22802e+07]
Runtime = 17.302 s for N = 4096

----------------------------------
Running nbody with N=4096 and ranks=4
Total Kinetic Energy = [0, 32578.8, 2.16691e+06, 7.77905e+07, 4.09256e+07, 3.87593e+07, 3.80681e+07, 3.77899e+07, 3.75663e+07, 3.74053e+07, 3.72965e+07, 3.71983e+07, 3.71144e+07, 3.70786e+07, 3.70359e+07, 3.70312e+07, 3.69839e+07, 3.69541e+07, 3.69229e+07, 3.69084e+07, 3.68993e+07, 3.68374e+07, 3.68121e+07, 3.68142e+07, 3.68161e+07, 3.68054e+07, 3.67927e+07, 3.67659e+07, 3.67595e+07, 3.67616e+07, 3.67424e+07, 3.67443e+07, 3.67662e+07, 3.67332e+07, 3.67088e+07, 3.67065e+07, 3.66944e+07, 3.66822e+07, 3.66931e+07, 3.66976e+07, 3.66874e+07, 3.66957e+07, 3.66746e+07, 3.66664e+07, 3.6662e+07, 3.6664e+07, 3.66647e+07, 3.66403e+07, 3.66296e+07, 3.66415e+07, 3.6652e+07]
Runtime = 10.085 s for N = 4096

----------------------------------
Running nbody with N=4096 and ranks=8
Total Kinetic Energy = [0, 32548.2, 2.16659e+06, 6.1821e+07, 2.82224e+07, 2.62e+07, 2.5605e+07, 2.51701e+07, 2.48984e+07, 2.46744e+07, 2.45625e+07, 2.45045e+07, 2.43593e+07, 2.42401e+07, 2.42045e+07, 2.40652e+07, 2.41227e+07, 2.41161e+07, 2.39668e+07, 2.39045e+07, 2.3986e+07, 2.38323e+07, 2.3856e+07, 2.38348e+07, 2.37769e+07, 2.37821e+07, 2.37831e+07, 2.36707e+07, 2.36842e+07, 2.36597e+07, 2.36584e+07, 2.36058e+07, 2.3618e+07, 2.35769e+07, 2.36277e+07, 2.35489e+07, 2.35649e+07, 2.35984e+07, 2.3456e+07, 2.35082e+07, 2.34947e+07, 2.34342e+07, 2.34591e+07, 2.3456e+07, 2.34581e+07, 2.33941e+07, 2.33402e+07, 2.34122e+07, 2.3387e+07, 2.33291e+07, 2.33605e+07]
Runtime = 6.517 s for N = 4096

----------------------------------
Running nbody with N=4096 and ranks=16
Total Kinetic Energy = [0, 32785.2, 2.18588e+06, 6.64663e+07, 3.18878e+07, 3.0673e+07, 3.00913e+07, 2.95861e+07, 2.95004e+07, 2.92308e+07, 2.908e+07, 2.90021e+07, 2.88781e+07, 2.87969e+07, 2.87554e+07, 2.87095e+07, 2.87599e+07, 2.8524e+07, 2.85212e+07, 2.85171e+07, 2.84503e+07, 2.84059e+07, 2.83713e+07, 2.82761e+07, 2.83801e+07, 2.82566e+07, 2.82452e+07, 2.82302e+07, 2.82047e+07, 2.8184e+07, 2.81696e+07, 2.81385e+07, 2.8094e+07, 2.81178e+07, 2.81068e+07, 2.80048e+07, 2.80342e+07, 2.80084e+07, 2.80445e+07, 2.79318e+07, 2.80228e+07, 2.80606e+07, 2.80246e+07, 2.78895e+07, 2.79213e+07, 2.78904e+07, 2.79221e+07, 2.79097e+07, 2.78938e+07, 2.78654e+07, 2.78302e+07]
Runtime = 4.127 s for N = 4096

----------------------------------
Running nbody with N=4096 and ranks=32
Total Kinetic Energy = [0, 33277, 2.22661e+06, 4.41749e+07, 1.88174e+07, 1.73439e+07, 1.68323e+07, 1.63543e+07, 1.59106e+07, 1.57927e+07, 1.56797e+07, 1.55806e+07, 1.53352e+07, 1.53732e+07, 1.51788e+07, 1.50618e+07, 1.51254e+07, 1.51145e+07, 1.48001e+07, 1.49371e+07, 1.48555e+07, 1.47884e+07, 1.47889e+07, 1.46877e+07, 1.47177e+07, 1.46088e+07, 1.45388e+07, 1.45559e+07, 1.45505e+07, 1.46558e+07, 1.44656e+07, 1.44042e+07, 1.43806e+07, 1.43004e+07, 1.43405e+07, 1.44159e+07, 1.42823e+07, 1.43706e+07, 1.41923e+07, 1.42592e+07, 1.43945e+07, 1.42258e+07, 1.41156e+07, 1.41627e+07, 1.41252e+07, 1.41783e+07, 1.42067e+07, 1.41696e+07, 1.41188e+07, 1.40742e+07, 1.40635e+07]
Runtime = 4.304 s for N = 4096

